[gd_scene load_steps=8 format=2]

[ext_resource path="res://Player.tscn" type="PackedScene" id=1]

[sub_resource type="PlaneMesh" id=1]
size = Vector2( 100, 100 )

[sub_resource type="BoxShape" id=2]
margin = 0.001
extents = Vector3( 50, 1, 50 )

[sub_resource type="ProceduralSky" id=3]
sky_top_color = Color( 0.380392, 0.243137, 0.596078, 1 )
sky_horizon_color = Color( 0.956863, 0.662745, 0.537255, 1 )
sky_curve = 0.156698
ground_bottom_color = Color( 0.406215, 0.3417, 0.51, 1 )
ground_horizon_color = Color( 0.65, 0.50895, 0.4485, 1 )
sun_color = Color( 0.984314, 0.968627, 0.74902, 1 )
sun_latitude = 10.0
sun_energy = 2.0

[sub_resource type="Environment" id=4]
background_mode = 2
background_sky = SubResource( 3 )

[sub_resource type="CubeMesh" id=5]
size = Vector3( 0.1, 0.1, 0.1 )

[sub_resource type="BoxShape" id=6]
extents = Vector3( 0.05, 0.05, 0.05 )

[node name="Game" type="Node"]

[node name="Player" parent="." instance=ExtResource( 1 )]
transform = Transform( 1, 0, 0, 0, 1, 0, 0, 0, 1, 0, 0.128, 0 )
collision_layer = 2

[node name="TestMap" type="MeshInstance" parent="."]
transform = Transform( 1, 0, 0, 0, 1, 0, 0, 0, 1, -2.3704e-05, 0.00753307, -0.0089283 )
mesh = SubResource( 1 )
skeleton = NodePath("")
material/0 = null

[node name="StaticBody" type="StaticBody" parent="TestMap"]

[node name="CollisionShape" type="CollisionShape" parent="TestMap/StaticBody"]
transform = Transform( 1, 0, 0, 0, 1, 0, 0, 0, 1, 0, -1, 0 )
shape = SubResource( 2 )

[node name="DirectionalLight" type="DirectionalLight" parent="."]
transform = Transform( -1, -5.65818e-08, 3.20891e-07, 0, 0.984808, 0.173648, -3.25841e-07, 0.173648, -0.984808, 0, 2.19076, -5.04936 )
shadow_enabled = true
shadow_bias = 0.0
directional_shadow_blend_splits = true
directional_shadow_normal_bias = 0.1
directional_shadow_bias_split_scale = 0.75

[node name="WorldEnvironment" type="WorldEnvironment" parent="."]
environment = SubResource( 4 )

[node name="Camera" type="InterpolatedCamera" parent="."]
transform = Transform( 1, 0, 0, 0, 0.939693, 0.34202, 0, -0.34202, 0.939693, 0, 1, 2 )
target = NodePath("../Player/Position3D")
speed = 2.0
enabled = true

[node name="RigidBody" type="RigidBody" parent="."]
transform = Transform( 0.985122, 0.125415, -0.117497, -0.144225, 0.975113, -0.168385, 0.0934544, 0.182826, 0.978694, -0.529886, 0.642598, 0 )

[node name="MeshInstance" type="MeshInstance" parent="RigidBody"]
mesh = SubResource( 5 )
material/0 = null

[node name="CollisionShape" type="CollisionShape" parent="RigidBody"]
shape = SubResource( 6 )

[editable path="Player"]
