[gd_scene load_steps=9 format=2]

[ext_resource path="res://src/character/Player.tscn" type="PackedScene" id=1]
[ext_resource path="res://src/Playground.tscn" type="PackedScene" id=2]
[ext_resource path="res://src/Game.gd" type="Script" id=3]
[ext_resource path="res://src/lib/day_cycle/DayCycle.tscn" type="PackedScene" id=4]

[sub_resource type="PlaneMesh" id=1]
size = Vector2( 100, 100 )

[sub_resource type="BoxShape" id=2]
margin = 0.001
extents = Vector3( 50, 1, 50 )

[sub_resource type="CubeMesh" id=3]
size = Vector3( 0.1, 0.1, 0.1 )

[sub_resource type="BoxShape" id=4]
extents = Vector3( 0.05, 0.05, 0.05 )

[node name="Game" type="Node"]
script = ExtResource( 3 )

[node name="Player" parent="." instance=ExtResource( 1 )]
transform = Transform( 1, 0, 0, 0, 1, 0, 0, 0, 1, 0, 0.12, 0 )
collision_layer = 2

[node name="TestMap" type="MeshInstance" parent="."]
transform = Transform( 1, 0, 0, 0, 1, 0, 0, 0, 1, -2.3704e-05, 0.00753307, -0.0089283 )
mesh = SubResource( 1 )
skeleton = NodePath("")
material/0 = null

[node name="StaticBody" type="StaticBody" parent="TestMap"]

[node name="CollisionShape" type="CollisionShape" parent="TestMap/StaticBody"]
transform = Transform( 1, 0, 0, 0, 1, 0, 0, 0, 1, 0, -1, 0 )
shape = SubResource( 2 )

[node name="Camera" type="InterpolatedCamera" parent="."]
transform = Transform( 1, 0, 0, 0, 0.939693, 0.34202, 0, -0.34202, 0.939693, 0, 1, 2 )
target = NodePath("../Player/Position3D")
speed = 2.0
enabled = true

[node name="RigidBody" type="RigidBody" parent="."]
transform = Transform( 0.985122, 0.125415, -0.117497, -0.144225, 0.975113, -0.168385, 0.0934544, 0.182826, 0.978694, -0.529886, 0.642598, 0 )

[node name="MeshInstance" type="MeshInstance" parent="RigidBody"]
mesh = SubResource( 3 )
material/0 = null

[node name="CollisionShape" type="CollisionShape" parent="RigidBody"]
shape = SubResource( 4 )

[node name="Playground" parent="." instance=ExtResource( 2 )]
transform = Transform( -0.94506, -0.183013, -0.270866, -0.224144, 0.965926, 0.12941, 0.237953, 0.183013, -0.953879, 3, 0, 0 )

[node name="DayCycle" parent="." instance=ExtResource( 4 )]

[editable path="Player"]

[editable path="DayCycle"]
